Some((
    red: 1.0,
    green: 0.8392157,
    blue: 0.93333334,
))